0.5	0.5	-1.0
1	1	0.0
16	16	4.0
2	2	1.0
32	32	5.0
4	4	2.0
64	64	6.0
8	8	3.0
<=0.25	0.25	-2.0
<=0.5	0.5	-1.0
>32	64	6
>64	128	7
nan	nan	nan
0.03	0.03125	-5.0
0.06	0.0625	-4.0
0.12	0.125	-3.0
0.25	0.25	-2.0
<=0.015	0.015625	-6.0
<=0.03	0.03125	-5.0
<=0.06	0.0625	-4.0
<=0.12	0.125	-3.0
>1	2	1
>16	32	5
>4	8	3
>8	16	4
>2	4	2
128	128	7.0
256	256	8.0
>256	512	9
>128	256	8
<=2	2	1.0
0.008	0.0078125	-7.0
0.015	0.015625	-6.0
<=0.004	0.00390625	-8.0
<=0.008	0.0078125	-7.0
<=1	1		0.0
<=8	8		3.0
0.004	0.00390625	-8.0
<=0.002	0.001953125	-9.0
>0.12	0.250		-2
8.0000000000000002E-3	0.0078125	-7.0
4.0000000000000001E-3	0.00390625	-8.0
2E-3	0.002	-9.0
1.4999999999999999E-2	0.015625	-6.0
<=0.001	0.0009432972	-9.0





